p1 8 20 41 126 157 115 117 18
p2 23 48 69 154 188 107 135 11
p3 70 36 30 123 120 164 161 77
p4 20 60 77 146 156 98 100 19
p6 21 28 18 129 113 140 112 41
p7 20 49 47 186 180 153 151 18
p8 4 36 36 99 101 64 67 2
p9 2 7 29 83 131 81 97 9
p10 1 19 12 70 66 57 57 6
p11 25 18 14 102 110 99 118 16
p12 41 13 15 39 41 54 68 28
p13 28 22 18 60 62 68 71 29
p14 41 2 8 53 100 77 129 25
p15 27 32 186 180 146 146 149 30
p99 52 34 56 156 179 153 175 32
p5 20 18 22 184 192 185 190 18
p10 17 7 9 156 165 161 169 12
p11 121 128 8 123 112 116 107 7
p12 17 79 100 224 258 143 170 8
p13 15 128 242 353 425 183 224 10
p14 65 7 9 146 156 187 197 35
p15 6 19 31 88 120 64 103 -5
p16 6 6 14 81 106 101 107 25
p17 44 41 20 266 213 267 223 6
p18 1 4 2 176 167 177 166 7
p19 10 17 10 140 131 139 133 19
p20 6 14 5 153 151 156 153 17
p21 13 15 22 341 345 337 344 10
p22 34 33 29 311 320 314 316 28
p23 29 38 27 261 254 251 252 38 
p24 37 21 14 112 126 107 139 26
p25 13 15 11 75 91 83 98 23
p26 9 30 32 130 139 101 110 0
p27 20 28 27 141 181 142 195 35
p28 10 16 6 186 284 175 243 11
p29 8 12 17 71 87 73 82 14
p30 17 12 13 132 134 143 139 25